90 32 17
3887039139
2310420668
2773455031
2824635904
454608503
857452525
1940215333
1897552909
1006566982
3450782416
1912019091
528982747
2293356037
1806686977
4128915978
3651030828
3915330507
2568343683
4058617071
3582668953
3642452726
459079653
4152804485
1038075145
2091784186
3773003416
2174094245
1804538700
904828258
1024982622
630890720
140146648
806043389
3070400501
2349062978
722934200
1941964005
2229131393
1927218186
628643431
3810272683
3287926756
4236707618
355912364
3283977184
1971091110
600371926
3856517643
2506692416
3951856326
3231145975
3155125122
2167385408
2208724522
3627439004
1757171417
3333316596
3057591523
4102345620
2185052967
101708961
502988068
2544788596
2631718181
3120971763
3218912074
2938871740
922895089
1946950886
4178056298
2849236152
3275561618
829632740
479021620
292050512
2220053155
455734509
2081920376
3336271590
2612479164
1000075981
2235466360
1141753512
2693647513
64988318
551637617
3276211836
1385667700
635413967
1922290504
