18781856
18847424
26089130
26105578
26728170
27154152
27170464
27170466
27186850
27186912
27186922
27186930
27203264
27203270
27219910
28235498
29267618
77534944
94246624
278894240
278894242
278894312
286185088
287233696
287250048
287282880
287299296
294459008
294475496
294475690
294540970
294573738
294590080
294590082
294590122
294606506
294606568
294606720
294639274
294639275
294639338
295507840
295637664
295638656
295638690
295638912
295639712
295640704
295671456
295671474
295687842
295687914
296720042
297719530
297768610
329209506
329225920
329242336
329242344
329242354
362747616
396318432
428820386
428824226
428824232
428852898
429855392
429856384
429872800
463460000
547329772
547346152
554619552
555718340
555718380
555733728
555734760
562975456
562976480
563008224
563042210
563042222
564024040
564025038
564025066
564040416
564056800
564073188
564074180
564086760
564089568
564089574
564089824
564089825
564090480
564090530
564090560
564090566
564090592
564090600
564090606
564090816
564090829
564090830
564090856
564097764
564098756
564122592
564123624
566137568
589289128
597644004
597644996
597645260
597645288
614422240
622794400
622794436
622794468
622810848
630675168
631133893
631133920
631199472
631199712
697194144
697242278
697258656
697259552
697259648
697259682
697259688
698225348
698225376
698242757
698242785
698287812
698290852
698291844
698291872
698291878
698291910
698307296
698307297
698308256
698308288
698308289
698308301
698308320
698308332
698341024
730814112
730814120
731862732
748623584
764368544
765399776
765400709
765400736
765400740
765400774
765417184
798955204
807326440
815734496
815765152
815765216
823056004
823056032
823089036
823121576
824136352
824136416
824136420
824136428
824137344
824137350
824137378
824137412
824137440
824153712
824153824
824169184
824169696
824170144
824170216
824170220
824170224
824178400
831411874
831476384
831476386
831477280
831477376
831477410
831477418
831477472
831477478
831477648
831477664
831510176
831510186
831510190
831510194
832034464
832263904
832508640
832509638
832509792
832509888
832524960
832525032
832525280
832525284
832525952
832525986
832526030
832526048
832526054
832526058
832526066
832526276
832526286
832526288
832526294
832526304
832528096
832541408
832542406
832542624
832558056
832558752
832558758
832558770
832558816
832558826
832558830
832558834
832559030
833607338
834618336
834623202
834655978
866079336
866079456
866112160
866112224
866112232
882841312
891246308
891254468
893359840
898586272
899634912
957339296
958355076
958355104
958355136
961500832
965690016
965691008
965691042
965695136
965695202
966612704
966726368
966727366
966739680
966743584
966743712
966743776
966743777
966743778
999282336
1000330912
1268766432
1361024736
1495258848
1502549666
1502598818
1772050144
1805604576
2166331104
2174113448
2174424768
2174523072
2174636776
2174637768
2174637801
2174637808
2174654176
2174670528
2174670562
2174686916
2174686944
2174702304
2174703296
2174703328
2174703330
2174703336
2174703587
2174711520
2174719648
2174719680
2174719720
2174736096
2174736102
2174736111
2208257760
2241287904
2241795781
2241795808
2241812161
2241812192
2241812193
2275366128
2308839104
2308839105
2308903588
2308904640
2308921056
2308921062
2426314464
2426377952
2434488000
2434750144
2434750148
2434750176
2434782944
2434782945
2436732608
2442024681
2442056426
2442089704
2442090090
2442090152
2442090154
2442090208
2442090210
2442090216
2442090432
2442092264
2442122921
2442122985
2442122986
2442581672
2442647272
2442860160
2442860224
2442860225
2442876640
2442991232
2442991552
2442993344
2443024032
2443024064
2443040480
2443040489
2443042536
2443058912
2443072488
2443088616
2443088624
2443089632
2443105000
2443105952
2443106016
2443106025
2443106032
2443108064
2443121376
2443122288
2443122304
2443122368
2443122372
2443122373
2443122400
2443122624
2443123424
2443123436
2443124416
2443134960
2443137768
2443138016
2443138688
2443138720
2443138722
2443138760
2443138765
2443138784
2443138788
2443138792
2443138800
2443139008
2443139012
2443139013
2443139021
2443139040
2443139042
2443140832
2443140834
2443140844
2443149024
2443151072
2443155073
2443155136
2443155137
2443155168
2443155176
2443167456
2443167472
2443169504
2443171040
2443171488
2443171489
2443171552
2443171553
2443171554
2443171560
2443171561
2443171563
2443171565
2443171808
2443179744
2444187368
2445088448
2445185768
2445203176
2445219520
2445219522
2445235936
2445235938
2446284520
2476660466
2476676672
2476689120
2476693184
2476693216
2476693217
2476693218
2476693224
2476725952
2476725984
2476725985
2476726000
2476728032
2478823136
2479838952
2480854752
2480871104
2480887520
2510182048
2510231232
2510247648
2543801552
2543802048
2543802080
2543802081
2543802096
2543804128
2545899232
2576307938
2576307939
2576307946
2577077888
2577209024
2577273576
2577339104
2577339116
2577340096
2577352432
2577356452
2577356512
2577356514
2577356518
2577356531
2580502184
2581550752
2644317888
2678019777
2710492848
2710558368
2710558382
2711082656
2711082720
2711082732
2711344880
2711344886
2711524068
2711524076
2711540448
2711540456
2711541488
2711582420
2711582432
2711582448
2711589604
2711590560
2711590596
2711590636
2711605488
2711605984
2711605990
2711606486
2711606945
2711606976
2711606982
2711607008
2711607016
2711607021
2711607022
2711607024
2711607030
2711607036
2712655598
2745094880
2745095920
2745161376
2745161460
2778158820
2778191584
2778666724
2778682997
2778683041
2778683077
2778683104
2778683109
2778683110
2778683117
2778683124
2811713252
2812236516
2812237012
2812237472
2812237508
2812237556
2814334688
2828965573
2828965601
2829047521
2836371104
2837419744
2844742894
2844743328
2844743392
2844743398
2844745454
2844776096
2844776102
2845005538
2845267616
2845267680
2845267692
2845512420
2845546166
2845693632
2845709028
2845710020
2845710048
2845710049
2845717216
2845726400
2845726420
2845726448
2845741764
2845741792
2845742752
2845742753
2845771492
2845774436
2845774564
2845775493
2845775520
2845775556
2845775584
2845775590
2845775596
2845786852
2845787808
2845787844
2845787872
2845790432
2845790433
2845790944
2845790948
2845790950
2845790956
2845791437
2845791905
2845791936
2845791940
2845791941
2845791942
2845791948
2845791968
2845791969
2845791970
2845791975
2845791976
2845791981
2845791982
2845791984
2845791990
2845791996
2845793985
2845800132
2845800160
2845800166
2845808288
2845823200
2845824711
2845824736
2849985248
2879280865
2879329952
2879344864
2879345380
2879346336
2879346338
2879346372
2879346400
2879346405
2903987396
2912753348
2912884420
2912884421
2912884448
2912884452
2912900293
2912900320
2912900805
2912900832
2912900838
2917095136
2946455237
2948536004
2962216608
2962216622
2962740896
2962986720
2963182308
2963183328
2963183329
2963198696
2963199728
2963248352
2963248736
2963248773
2963248800
2963248864
2963248868
2963248869
2963249120
2963250912
2963257056
2963261088
2963264752
2963265165
2963265248
2963265256
2963273440
2965291752
2965346016
2967443168
2970539648
2970539668
2970605224
2971063956
2971129568
2971391728
2971571824
2971583136
2971587264
2971587304
2971588336
2971628256
2971629248
2971629252
2971629280
2971637360
2971637424
2971637472
2971639520
2971649136
2971649248
2971649696
2971652336
2971652832
2971652844
2971653360
2971653749
2971653793
2971653828
2971653856
2971653861
2971653864
2971653869
2971653872
2971653876
2971662048
2972702440
2973733600
2973733612
2973745888
2975848176
2978862760
2978891488
2978894572
2978895586
2978923232
2978927210
2978927272
2978927330
2978927342
2978928288
2978928289
2978928290
2978928298
2978928306
2978928560
2978956260
2978960580
2978960608
2978961000
2978961056
2978961058
2978961070
2978961120
2978961124
2978961126
2978961132
2978961300
2978961328
2978961348
2978963180
2978969266
2978969312
2978993704
2978993792
2978993805
2978993824
2978993832
2978993833
2978993834
2978993836
2978993840
2978993842
2978993854
2978993888
2978993902
2979387104
2979387368
2979452548
2979452576
2979485316
2979485344
2979485408
2979485412
2979485636
2979487468
2979514080
2979518080
2979518112
2979518120
2979518124
2979518128
2979518176
2979518177
2979518178
2979518432
2979649264
2979709664
2979709680
2979730144
2979731140
2979731168
2979742432
2979743456
2979743728
2979746530
2979746536
2979747520
2979747533
2979747554
2979747560
2979747568
2979754720
2979755744
2979776240
2979780272
2979780320
2979780337
2979780338
2979780592
2979782382
2979844840
2979894980
2979895272
2979909872
2979910368
2979910632
2979911280
2979911288
2979911312
2979911318
2979911392
2979911400
2979911408
2979911672
2979912424
2979913448
2979943144
2979946219
2979959400
2979959492
2979959520
2979960416
2979971816
2979972832
2979975784
2979975848
2979975904
2979975908
2979975912
2979975913
2979975914
2979975916
2979975920
2979976168
2979976810
2979976816
2979976817
2979976928
2979976929
2979976930
2979976946
2979977200
2979992292
2979993156
2979993184
2979993284
2979993312
2979993540
2979993568
2979995332
2979995360
2980004580
2980004836
2980005572
2980005600
2980005828
2980005856
2980007648
2980008176
2980008552
2980008557
2980008608
2980008609
2980008672
2980008676
2980008677
2980008678
2980008684
2980008900
2980008940
2980008948
2980009544
2980009549
2980009576
2980009578
2980009582
2980009584
2980009590
2980009600
2980009601
2980009634
2980009635
2980009642
2980009664
2980009668
2980009669
2980009670
2980009676
2980009696
2980009697
2980009698
2980009702
2980009703
2980009704
2980009712
2980009920
2980009925
2980009926
2980009932
2980009933
2980009940
2980009954
2980009959
2980009960
2980009962
2980009966
2980009968
2980009974
2980010732
2980011597
2980011712
2980011713
2980011724
2980011725
2980011746
2980011752
2980011754
2980011758
2980011760
2980011766
2980011981
2980013028
2980014048
2980016748
2980016868
2980016880
2980017826
2980017860
2980017888
2980018116
2980018144
2980018146
2980019936
2980022240
2980025056
2980025068
2980025920
2980025960
2980025964
2980025968
2980025984
2980026016
2980026052
2980026053
2980026080
2980026084
2980026336
2980037344
2980037600
2980038256
2980038304
2980038368
2980038372
2980038376
2980038384
2980038560
2980038640
2980038644
2980040384
2980040424
2980040432
2980040928
2980040944
2980040945
2980040946
2980041376
2980041440
2980041441
2980041442
2980041448
2980041453
2980041454
2980041696
2980041708
2980041840
2980041942
2980041952
2980041970
2980042226
2980042336
2980042344
2980042350
2980042353
2980042367
2980042368
2980042391
2980042400
2980042401
2980042402
2980042408
2980042416
2980042422
2980042432
2980042445
2980042464
2980042465
2980042466
2980042468
2980042469
2980042470
2980042472
2980042473
2980042474
2980042476
2980042478
2980042479
2980042480
2980042481
2980042482
2980042486
2980042487
2980042679
2980042692
2980042720
2980042728
2980042736
2980042742
2980042748
2980043497
2980044512
2980044521
2980044524
2980044525
2980049632
2980049644
2980050592
2980050656
2980050660
2980050912
2980959976
2981058274
2981086952
2981091048
2981091049
2981091050
2981484264
2981582562
2981992128
2982008554
2982056672
2982068960
2982073064
2982090466
2982101728
2982102720
2982102754
2982105826
2982106816
2982106817
2982106818
2982106850
2982106851
2982106858
2982106866
2982115042
2982119104
2982123232
2982135520
2982135530
2982139616
2982139617
2982139618
2982139624
2982139630
2982147808
2983155424
2984236768
2984236786
2996819140
2996819168
2996819616
2998916840
3013072608
3013072620
3013285504
3013301964
3013301984
3013301992
3013334768
3013336744
3013498560
3013498594
3013530304
3013530336
3013530344
3013531360
3013531378
3013538528
3013562472
3013562592
3013562988
3013563108
3013563360
3013563464
3013563584
3013563904
3013563972
3013563980
3013564000
3013564008
3013564032
3013564066
3013564100
3013564128
3013564134
3013564288
3013564356
3013564384
3013564392
3013565632
3013566144
3013566176
3013566184
3013571296
3013572288
3013595872
3013595884
3013596784
3013596800
3013596832
3013596850
3013596868
3013596896
3013596900
3013596904
3013596912
3013596918
3013597168
3013598912
3013598952
3013598960
3014645480
3015661248
3015661282
3015694048
3015696104
3017234144
3017724640
3017757408
3030357728
3038729408
3038729861
3038729924
3045939092
3046839941
3046989517
3047020272
3047102148
3047102149
3047102176
3047114464
3047118021
3047118048
3047118469
3047118496
3047118528
3047118541
3047118560
3047118562
3047118564
3047118565
3047118568
3047118576
3047118788
3047118836
3047120589
3047120620
3047126752
3047128804
3047147248
3047150313
3047151264
3047151328
3047151345
3049215714
3051312864
3063895236
3063895264
3080148704
3080607424
3080607456
3080671848
3080671968
3080672448
3080672880
3080672896
3080672928
3080672964
3080672992
3080672996
3080673000
3080673008
3080675008
3080681152
3080704744
3080705776
3082704576
3082770112
3082770144
3082802920
3097450210
3097466592
3104790148
3104822917
3105576646
3105822276
3105837292
3105837804
3105838272
3105838784
3105838788
3105838789
3105838818
3105855200
3105867504
3105871072
3105871525
3105871584
3110033088
3110033136
3113046252
3113162372
3113162400
3113162402
3113174688
3113174752
3113178272
3113178752
3113178764
3113178786
3113178788
3113178792
3113178796
3113178850
3113178854
3113180844
3113180910
3113186976
3113211552
3113211553
3113211554
3113211618
3113686660
3113703040
3113703138
3113711264
3113735840
3113948804
3113948832
3113961120
3113961184
3113961200
3113965282
3113993970
3114079968
3114092256
3114096320
3114096324
3114096354
3114096360
3114104544
3114129120
3114145506
3114157792
3114161860
3114161890
3114178080
3114209504
3114209924
3114209952
3114209956
3114210016
3114210020
3114210916
3114210944
3114210978
3114211012
3114211040
3114211042
3114211046
3114218208
3114222240
3114222244
3114222304
3114222308
3114223216
3114223232
3114223266
3114223296
3114223300
3114223301
3114223328
3114223330
3114223332
3114223344
3114223600
3114225392
3114225888
3114225892
3114225896
3114225900
3114225904
3114226402
3114226408
3114226884
3114226912
3114226914
3114226918
3114227205
3114227298
3114227328
3114227332
3114227360
3114227362
3114227392
3114227393
3114227394
3114227397
3114227398
3114227404
3114227405
3114227424
3114227426
3114227427
3114227428
3114227429
3114227430
3114227432
3114227434
3114227436
3114227440
3114227441
3114227442
3114227648
3114227652
3114227682
3114229474
3114229484
3114230500
3114231520
3114234532
3114234592
3114234596
3114234604
3114235488
3114235552
3114235588
3114235616
3114235617
3114235618
3114235622
3114239712
3114242784
3114243680
3114243744
3114243810
3114255072
3114256032
3114256064
3114256096
3114256112
3114260128
3114260132
3114260133
3114260192
3114260193
3114260194
3114260211
3114260448
3116226280
3116308160
3116324578
3116357359
3117373088
3118404320
3118417632
3118421632
3118421728
3118421729
3118421730
3118454432
3139425953
3143587456
3147777760
3147780320
3147781636
3147781760
3147781824
3147781828
3147781856
3147781857
3147781858
3147781864
3147782048
3147789024
3147798240
3147813600
3147814112
3147814560
3147814592
3147814597
3147814624
3147814625
3147814640
3151976160
3181319906
3181319908
3181332160
3181332194
3181332208
3181336290
3213842048
3214874336
3214890208
3214890688
3214890720
3216971456
3248461536
3248477922
3248486112
3282032352
3349108448
3349110496
3382433506
3382662880
3382695648
3508524768
3512719088
3516651504
3516765920
3516848112
3516880852
3516880880
3516896992
3516913376
3516913392
3516913394
3516913632
3516915424
3550467808
3583989488
3617543904
3617576688
3646936800
3651098340
3651131104
3684685537
3886012148
3918517920
3918517990
3919562464
3919565536
3919566533
3919566560
3919566561
3919566562
3953120992
3986642629
4020197088
4022294213
4045402848
4053783264
4053784176
4053784288
4053784310
4053784560
4053784566
4053791460
4055881458
4187969152
4187969220
4187969250
4187997920
4188000994
4188001952
4188002018
4188002020
4188002021
4190099170
4190099187
4221556448
